-0.025288315
-0.034167931
-0.035752323
-0.016733702
0.021602514
0.064938487
0.091002137
0.081894974
0.037071157
-0.021998074
-0.060716277
-0.051178658
0.007874526
0.084368728
0.126869306
0.094528345
-0.012839661
-0.143477028
-0.211829088
-0.140513128
0.094601918
0.441387140
0.785875640
1.0
1.0
0.785875640
0.441387140
0.094601918
-0.140513128
-0.211829088
-0.143477028
-0.012839661
0.094528345
0.126869306
0.084368728
0.007874526
-0.051178658
-0.060716277
-0.021998074
0.037071157
0.081894974
0.091002137
0.064938487
0.021602514
-0.016733702
-0.035752323
-0.034167931
-0.025288315
