0.000220425
-0.00200662
-0.00380597
-0.000319244
0.00382319
0.000339252
-0.00467363
-0.000435182
0.00561966
0.00198301
-0.00177541
0.00335325
0.00364577
-0.00641438
-0.00665758
0.00419436
0.00236287
-0.00589917
0.00387027
0.011131
-0.00564301
0.000993494
0.0499857
0.0504161
-0.0352422
-0.0861108
-0.0471522
-0.0450913
-0.108488
-0.089013
-0.0161212
-0.052354
0.0573457
0.752109
1.60737
1.49257
0.286917
-0.631278
-0.321095
0.379829
0.327413
-0.194227
-0.271613
0.0432183
0.103052
-0.0806466
-0.0569946
0.113362
0.069922
-0.0939797
-0.0617523
0.0777863
0.0553937
-0.0567985
-0.041596
0.0419196
0.0273227
-0.0333371
-0.0165745
0.0297683
0.0141639
-0.0210354
-0.00964044
0.0143801
0.00510857
-0.0107052
-0.00306624
0.00737068
0.00161468
-0.00461946
-0.000228427
0.0044988
0.00277812
